61666161. 661

61661611 116161 61611, 61 quod 16161 quoquo 666611 6666.
66661116 cognoverat. 0661611111 11116Ιο 66 officia 61611111,
161161166616 nequo 16661161 1161, nequo 61661161, instituit,
61111 m 66661161* Avia livioe' divinos 11666161,

· 6101166611 666161661116161666161616161166611166Η

116111661666616616116611111.Ρ11661ι6611616111166611·
611, 611166 66161161, 61111 circem· 166661111111 6161
matri 6116161661 6661 661 circumduceretur: 6166666661
Augustas, 16 viva* 1666111661.ἀ Υ16 1111116· 6661611116,1

autunum

16111. 61166161666111. 616116111. 11 cm. 6161611116-11 1161616. 1111111111
1116.-1 116 1116611 1111. 11111. 1611. 1116111161, 11 016. 6161 166. 16161·
116116.11116116111116.ι.6111616116161.61..11661161111161111,666
666 displicuit 1611. 1161111116 111. 1161 16111111 116161161161116111.

61166061116611161.1166166161611,1611610161161111111,61111
Ner. 6. 16. 111666111611 011166. 1161111166-111161 demina
11166 1616161116111.611116.16611161161111661111,16666661161661111.
61111116116611. 1166116111. 0611. ’161 61161611 1166. 1. 11111 116·
6161. 0116111. 1666. ιι1111ι11111611.166.0116.161.1166. 0116111111.
-1111116661111611116661.1.161.1111116111.611 1661111611 (166 116616.
11611161661611161. 1161666. 66116166161661166.
161666116, 6166661161616166161.1111.11. 116611 11111661161611.
611661661616111111116. 1.1.1166.111.-111666116611161166161.16116·
161. ι. 16166111016. 161616 11166 1111611 166111616116116.1.6.11
6111111111.- 1116111.ι]ι. 61116111616.1.1.161160661116·
111. 11661. 0611. 116. 11611166 66 superioribus 1666611 1166. 1111.

110111

' Per 1116111111] 161 11161611 116- 611666116161161.
11111 11116161, 1101116. 616. 16. 61 1111111111] 1111611611 61 1616111
11.61661611666161111616 6111666161. 16611111611161, 6116111616 1111.
1166 61 in 166. 16 616. 611. Auum 6666 61 6616116 166616
' 1616111111] 061611611161161- enim 611 1616661 Tiberium, 6111661
qne 666616 16611111616166111. 16611 11ι6611661,666611161611 1616611661
16116611661611. iii chudion 616- inventum. 16 Plinio 11616 mvi.
611 66611111, qna 01116611 161611 616. 1.
1111ιὶ116. 01116. 616. 11. · luserim] 1116111661, 01116. 616.
¹ 0111111 clepham] Quo 16161 1.11 16.
6616616 1616611 6161 116166 16116111 ⁸ Circeium] 0616 1161,166111616
11161 6111611, 66 quo 16 16116 16 116. 616. 11.
19. 6116. 61166616116111. iin- bominum] 1166116111 611116ιί1
161 1661111 611161 6116161 61161161 vehiculum. (1111661616.
16 veteri 6661161116, 6661 6611661 ⁸ 1116616111] Ejus 16111661 1111666
16116111 euphimia 6666 66611116 116116111166111111,111661601116611.
661611, 666 1666 elephantorum 616· 1161111 (11116. 61611.
1111, qnod eburneis 6616616161 inmi- ⁸ 1116111111] 111 1166 16 1166116

 

